##################      Calibration Pose 1      ################## 
  0.421557,  0.906802,  0.000000, -0.580138
 -0.906802,  0.421557, -0.000000,  0.341926
 -0.000000,  0.000000,  1.000000, -0.058742
  0.000000,  0.000000,  0.000000,  1.000000
##################      Calibration Pose 2      ################## 
  0.407438,  0.913233,  0.000000, -0.573263
 -0.913233,  0.407438, -0.000000,  0.332317
 -0.000000,  0.000000,  1.000000, -0.061944
  0.000000,  0.000000,  0.000000,  1.000000
##################      Calibration Pose 3      ################## 
  0.872871, -0.487951,  0.000000, -0.630261
  0.487951,  0.872871,  0.000000, -0.220173
  0.000000,  0.000000,  1.000000, -0.255049
  0.000000,  0.000000,  0.000000,  1.000000
##################      Calibration Pose 4      ################## 
  0.601188, -0.799108,  0.000000, -0.612798
  0.799108,  0.601188,  0.000000, -0.379490
  0.000000,  0.000000,  1.000000, -0.177614
  0.000000,  0.000000,  0.000000,  1.000000
##################      Calibration Pose 5      ################## 
  0.307837, -0.951439,  0.000000, -0.657345
  0.951439,  0.307837,  0.000000, -0.235077
  0.000000,  0.000000,  1.000000, -0.288903
  0.000000,  0.000000,  0.000000,  1.000000
##################      Calibration Pose 6      ################## 
  0.658255, -0.752795,  0.000000, -0.688064
  0.752795,  0.658255,  0.000000,  0.028111
  0.000000,  0.000000,  1.000000, -0.288905
  0.000000,  0.000000,  0.000000,  1.000000
##################      Calibration Pose 7      ################## 
  0.642961, -0.765899,  0.000000, -0.668013
  0.765899,  0.642961,  0.000000,  0.170734
  0.000000,  0.000000,  1.000000, -0.286533
  0.000000,  0.000000,  0.000000,  1.000000
##################      Calibration Pose 8      ################## 
  0.933937, -0.357437,  0.000000, -0.694315
  0.357437,  0.933937,  0.000000,  0.259483
  0.000000,  0.000000,  1.000000, -0.287712
  0.000000,  0.000000,  0.000000,  1.000000
##################      Calibration Pose 9      ################## 
  0.990487, -0.137605,  0.000000, -0.724522
  0.137605,  0.990487,  0.000000,  0.307527
  0.000000,  0.000000,  1.000000, -0.329202
  0.000000,  0.000000,  0.000000,  1.000000
##################      Calibration Pose 10      ################## 
 -0.457936, -0.888985, -0.000000, -0.340834
  0.888985, -0.457936,  0.000000, -0.011520
  0.000000, -0.000000,  1.000000, -0.207195
  0.000000,  0.000000,  0.000000,  1.000000
##################      Calibration Pose 11      ################## 
 -0.344856, -0.938656, -0.000000, -0.379498
  0.938656, -0.344856,  0.000000, -0.016007
  0.000000, -0.000000,  1.000000, -0.327148
  0.000000,  0.000000,  0.000000,  1.000000
##################      Calibration Pose 12      ################## 
 -0.343250, -0.939244, -0.000000, -0.379732
  0.939244, -0.343250,  0.000000, -0.016062
  0.000000, -0.000000,  1.000000, -0.412200
  0.000000,  0.000000,  0.000000,  1.000000
##################      Calibration Pose 13      ################## 
 -0.239245, -0.970959, -0.000000, -0.379731
  0.970959, -0.239245,  0.000000,  0.079000
  0.000000, -0.000000,  1.000000, -0.412200
  0.000000,  0.000000,  0.000000,  1.000000
##################      Calibration Pose 14      ################## 
 -0.301921, -0.953333, -0.000000, -0.379731
  0.953333, -0.301921,  0.000000, -0.005533
  0.000000, -0.000000,  1.000000, -0.252741
  0.000000,  0.000000,  0.000000,  1.000000
##################      Calibration Pose 15      ################## 
  0.864977,  0.501811,  0.000000, -0.594072
 -0.501811,  0.864977, -0.000000,  0.234514
 -0.000000,  0.000000,  1.000000, -0.276690
  0.000000,  0.000000,  0.000000,  1.000000
##################      Calibration Pose 16      ################## 
  0.898932,  0.438087,  0.000000, -0.594072
 -0.438087,  0.898932, -0.000000,  0.265765
 -0.000000,  0.000000,  1.000000, -0.276690
  0.000000,  0.000000,  0.000000,  1.000000
##################      Calibration Pose 17      ################## 
  0.814741, -0.579825,  0.000000, -0.636142
  0.579825,  0.814741,  0.000000,  0.338642
  0.000000,  0.000000,  1.000000, -0.316137
  0.000000,  0.000000,  0.000000,  1.000000
##################      Calibration Pose 18      ################## 
  0.165528,  0.986205,  0.000000, -0.499743
 -0.986205,  0.165528, -0.000000,  0.541622
 -0.000000,  0.000000,  1.000000, -0.185574
  0.000000,  0.000000,  0.000000,  1.000000
##################      Calibration Pose 19      ################## 
  0.081801,  0.996649,  0.000000, -0.506959
 -0.996649,  0.081801, -0.000000,  0.508034
 -0.000000,  0.000000,  1.000000, -0.116329
  0.000000,  0.000000,  0.000000,  1.000000
##################      Calibration Pose 20      ################## 
  0.612424,  0.790529,  0.000000, -0.683436
 -0.790529,  0.612424, -0.000000,  0.219815
 -0.000000,  0.000000,  1.000000, -0.116330
  0.000000,  0.000000,  0.000000,  1.000000
##################      Calibration Pose 21      ################## 
  0.915173,  0.403061,  0.000000, -0.693800
 -0.403061,  0.915173, -0.000000, -0.089031
 -0.000000,  0.000000,  1.000000, -0.116329
  0.000000,  0.000000,  0.000000,  1.000000
##################      Calibration Pose 22      ################## 
  0.589213,  0.807978,  0.000000, -0.634144
 -0.807978,  0.589213, -0.000000,  0.048066
 -0.000000,  0.000000,  1.000000, -0.359833
  0.000000,  0.000000,  0.000000,  1.000000
##################      Calibration Pose 23      ################## 
  0.892948,  0.450161,  0.000000, -0.639665
 -0.450161,  0.892948, -0.000000, -0.093105
 -0.000000,  0.000000,  1.000000, -0.353089
  0.000000,  0.000000,  0.000000,  1.000000
##################      Calibration Pose 24      ################## 
  0.749765,  0.661705,  0.000000, -0.689066
 -0.661705,  0.749765, -0.000000,  0.111905
 -0.000000,  0.000000,  1.000000, -0.328117
  0.000000,  0.000000,  0.000000,  1.000000
##################      Calibration Pose 25      ################## 
  0.835376,  0.549679,  0.000000, -0.706893
 -0.549679,  0.835376,  0.000000,  0.155192
  0.000000,  0.000000,  1.000000, -0.152663
  0.000000,  0.000000,  0.000000,  1.000000
##################      Calibration Pose 26      ################## 
  0.762104,  0.647455,  0.000000, -0.671035
 -0.647455,  0.762104,  0.000000,  0.016629
  0.000000,  0.000000,  1.000000, -0.168018
  0.000000,  0.000000,  0.000000,  1.000000
##################      Calibration Pose 27      ################## 
  0.892159, -0.451722,  0.000000, -0.638495
  0.451722,  0.892159,  0.000000,  0.241893
  0.000000,  0.000000,  1.000000, -0.102024
  0.000000,  0.000000,  0.000000,  1.000000
##################      Calibration Pose 28      ################## 
  0.814915, -0.579580,  0.000000, -0.752461
  0.579580,  0.814915,  0.000000,  0.095050
  0.000000,  0.000000,  1.000000, -0.153102
  0.000000,  0.000000,  0.000000,  1.000000
##################      Calibration Pose 29      ################## 
  0.453351, -0.891332,  0.000000, -0.602260
  0.891332,  0.453351,  0.000000, -0.179592
  0.000000,  0.000000,  1.000000, -0.155774
  0.000000,  0.000000,  0.000000,  1.000000
##################      Calibration Pose 30      ################## 
  0.146012, -0.989283,  0.000000, -0.483384
  0.989283,  0.146012,  0.000000, -0.092295
  0.000000,  0.000000,  1.000000, -0.103581
  0.000000,  0.000000,  0.000000,  1.000000
##################      Calibration Pose 31      ################## 
  0.230897, -0.972978,  0.000000, -0.432077
  0.972978,  0.230897,  0.000000, -0.061608
  0.000000,  0.000000,  1.000000, -0.119548
  0.000000,  0.000000,  0.000000,  1.000000
